81
1 4 2 5 7 9
2 6 1 4 5 7 8 9
3 4 4 5 7 8 
4 7 1 2 4 5 6 7 8 
5 6 1 2 6 7 8 9
6 6 2 4 5 6 8 
7 6 1 2 6 7 8 9
8 1 3
9 6 1 2 4 5 7 9 
10 2 3 7 
11 3 3 4 7 
12 1 2
13 1 9
14 1 5
15 3 3 4 6  
16 3 3 6 7 
17 1 1
18 1 8
19 1 6
20 6 3 4 5 7 8 9
21 1 1
22 5 2 3 7 8 9
23 5 2 3 7 8 9
24 5 2 3 4 5 8 
25 5 2 3 7 8 9
26 4 4 5 7 9
27 5 2 4 5 7 9
28 4 3 5 7 9
29 1 2
30 4 3 5 7 8 
31 5 3 5 6 7 8 
32 5 3 6 7 8 9
33 1 1
34 1 4
35 4 5 6 7 9
36 3 5 7 9
37 4 2 3 5 7 
38 5 1 3 4 5 7 
39 1 9
40 6 1 2 3 4 5 7
41 4 1 2 3 7
42 4 2 3 4 5 
43 4 1 2 3 7
44 1 8
45 1 6
46 1 8
47 5 1 3 4 5 7 
48 1 6
49 5 1 3 4 5 7
50 3 1 3 7
51 1 9
52 3 1 3 7
53 1 2
54 4 1 4 5 7
55 5 2 3 5 7 9
56 6 1 3 5 7 8 9
57 4 3 5 7 8 
58 7 1 2 3 5 6 7 8 
59 1 4
60 5 2 3 5 6 8 
61 7 1 2 3 6 7 8 9
62 4 5 6 7 9
63 5 1 2 5 7 9
64 1 4
65 1 6
66 2 3 8 
67 4 1 2 3 8 
68 5 1 2 3 8 9
69 1 7
70 1 5
71 1 9
72 4 1 2 3 9
73 1 1
74 5 4 5 7 8 9
75 4 4 5 7 8 
76 6 2 4 5 6 7 8 
77 5 2 6 7 8 9
78 5 2 4 5 6 8 
79 5 2 6 7 8 9
80 5 4 5 6 7 9
81 1 3
2 1 2 3 4 5 6 7 8 9
2 10 11 12 13 14 15 16 17 18
2 19 20 21 22 23 24 25 26 27
2 28 29 30 31 32 33 34 35 36
2 37 38 39 40 41 42 43 44 45
2 46 47 48 49 50 51 52 53 54
2 55 56 57 58 59 60 61 62 63
2 64 65 66 67 68 69 70 71 72
2 73 74 75 76 77 78 79 80 81
2 1 10 19 28 37 46 55 64 73
2 2 11 20 29 38 47 56 65 74
2 3 12 21 30 39 48 57 66 75
2 4 13 22 31 40 49 58 67 76
2 5 14 23 32 41 50 59 68 77
2 6 15 24 33 42 51 60 69 78
2 7 16 25 34 43 52 61 70 79
2 8 17 26 35 44 53 62 71 80
2 9 18 27 36 45 54 63 72 81
2 1 2 3 10 11 12 19 20 21
2 4 5 6 13 14 15 22 23 24
2 7 8 9 16 17 18 25 26 27
2 28 29 30 37 38 39 46 47 48
2 31 32 33 40 41 42 49 50 51
2 34 35 36 43 44 45 52 53 54
2 55 56 57 64 65 66 73 74 75 
2 58 59 60 67 68 69 76 77 78
2 61 62 63 70 71 72 79 80 81
4 45 1 2 3 4 5 6 7 8 9 
4 45 10 11 12 13 14 15 16 17 18 
4 45 19 20 21 22 23 24 25 26 27 
4 45 28 29 30 31 32 33 34 35 36
4 45 37 38 39 40 41 42 43 44 45
4 45 46 47 48 49 50 51 52 53 54
4 45 55 56 57 58 59 60 61 62 63
4 45 64 65 66 67 68 69 70 71 72
4 45 73 74 75 76 77 78 79 80 81
4 45 1 10 19 28 37 46 55 64 73
4 45 2 11 20 29 38 47 56 65 74
4 45 3 12 21 30 39 48 57 66 75
4 45 4 13 22 31 40 49 58 67 76
4 45 5 14 23 32 41 50 59 68 77
4 45 6 15 24 33 42 51 60 69 78
4 45 7 16 25 34 43 52 61 70 79
4 45 8 17 26 35 44 53 62 71 80
4 45 9 18 27 36 45 54 63 72 81
4 45 1 2 3 10 11 12 19 20 21
4 45 4 5 6 13 14 15 22 23 24
4 45 7 8 9 16 17 18 25 26 27
4 45 28 29 30 37 38 39 46 47 48
4 45 31 32 33 40 41 42 49 50 51
4 45 34 35 36 43 44 45 52 53 54
4 45 55 56 57 64 65 66 73 74 75
4 45 58 59 60 67 68 69 76 77 78
4 45 61 62 63 70 71 72 79 80 81





